channel sine
channel 999 0 735 0 803
0 0 trim 0.000000
0 0 step 320.000000
0 1 trim 0.000000
0 1 step 1000.000000
32 0 trim 0.520000
32 1 trim 0.440000
20 1 step 640.000000
52 1 step 920.000000
76 1 trim 0.240000
88 0 trim 0.240000
88 1 step 560.000000
26 0 step 1120.000000
179 0 trim 0.700000
179 1 trim 0.460000
135 1 step 840.000000
191 1 step 480.000000
220 1 step 840.000000
252 1 step 640.000000
276 1 step 920.000000
305 1 step 760.000000
311 1 trim 0.000000
335 1 step 920.000000
326 0 step 240.000000
317 0 trim 0.000000
1000 0 trim 0.000000
