channel saw
channel square
0 0 trim 0.000000
0 0 step 1520.000000
0 1 trim 0.000000
0 1 step 960.000000
0 1 step 384.000000
29 1 step 400.000000
32 0 trim 0.700000
32 1 trim 0.600000
100 1 step 144.000000
105 0 step 320.000000
117 0 trim 0.000000
120 1 trim 0.000000
197 1 step 96.000000
202 1 trim 0.000000
214 1 step 432.000000
217 0 step 320.000000
220 0 step 1640.000000
223 0 trim 0.000000
223 1 trim 0.600000
232 0 trim 0.640000
358 1 trim 0.000000
361 1 step 128.000000
376 0 trim 0.000000
388 1 trim 0.000000
388 0 step 320.000000
