channel sine
channel 999 0 735 0 803
0 0 trim 0.000000
0 0 step 320.000000
0 1 trim 0.000000
0 1 step 1000.000000
20 1 step 640.000000
26 0 step 1120.000000
31 0 trim 0.280000
31 1 trim 0.260000
52 1 step 920.000000
76 1 trim 0.060000
86 0 trim 0.000000
88 1 step 560.000000
135 1 step 840.000000
155 0 trim 0.000000
177 0 trim 0.300000
177 1 trim 0.300000
191 1 step 480.000000
198 0 trim 0.000000
220 1 step 840.000000
252 1 step 640.000000
276 1 step 920.000000
305 1 step 760.000000
311 1 trim 0.000000
326 0 step 240.000000
335 1 step 920.000000
