channel square
channel sine
channel square
0 0 trim 0.000000
0 0 step 80.000000
23 0 trim 0.240000
0 1 trim 0.000000
0 2 step 192.000000
138 0 trim 0.260000
0 1 step 80.000000
0 2 trim 0.000000
55 2 trim 0.220000
132 1 step 60.000000
152 1 trim 0.000000
176 1 trim 0.220000
197 0 trim 0.000000
226 0 step 640.000000
241 1 trim 0.240000
244 0 step 160.000000
258 0 trim 0.000000
264 1 trim 0.000000
270 1 step 350.000000
279 1 step 60.000000
302 0 trim 0.260000
335 1 step 60.000000
347 1 trim 0.000000
367 0 trim 0.260000
376 1 trim 0.260000
405 0 step 800.000000
402 0 trim 0.000000
423 0 step 160.000000
435 1 trim 0.260000
438 0 trim 0.000000
479 1 step 340.000000
470 0 trim 0.220000
482 1 trim 0.000000
550 2 trim 0.000000
532 0 trim 0.240000
570 2 step 0.000000
564 0 step 920.000000
573 0 trim 0.000000
1000 0 trim 0.000000
